Generacion	x1	x2	Fitness_Padre	Sigma_Usado
0	-0.94539828	-0.87259880	2.23387792	3.00000000
1	-0.94539828	-0.87259880	2.23387792	3.00000000
2	-0.94539828	-0.87259880	2.23387792	3.00000000
3	0.47322047	-0.99870149	0.31122251	3.00000000
4	0.47322047	-0.99870149	0.31122251	3.00000000
5	0.47322047	-0.99870149	0.31122251	3.00000000
6	0.47322047	-0.99870149	0.31122251	3.00000000
7	0.47322047	-0.99870149	0.31122251	3.00000000
8	0.47322047	-0.99870149	0.31122251	3.00000000
9	0.47322047	-0.99870149	0.31122251	3.00000000
10	0.47322047	-0.99870149	0.31122251	3.00000000
11	0.47322047	-0.99870149	0.31122251	3.00000000
12	0.47322047	-0.99870149	0.31122251	3.00000000
13	0.47322047	-0.99870149	0.31122251	3.00000000
14	0.47322047	-0.99870149	0.31122251	3.00000000
15	0.47322047	-0.99870149	0.31122251	3.00000000
16	0.07691424	-0.49849580	-0.76173876	3.00000000
17	0.07691424	-0.49849580	-0.76173876	3.00000000
18	0.07691424	-0.49849580	-0.76173876	3.00000000
19	0.07691424	-0.49849580	-0.76173876	3.00000000
20	0.07691424	-0.49849580	-0.76173876	3.00000000
21	0.07691424	-0.49849580	-0.76173876	3.00000000
22	0.07691424	-0.49849580	-0.76173876	2.70000000
23	0.07691424	-0.49849580	-0.76173876	2.70000000
24	0.07691424	-0.49849580	-0.76173876	2.43000000
25	0.07691424	-0.49849580	-0.76173876	2.43000000
26	0.07691424	-0.49849580	-0.76173876	2.18700000
27	0.07691424	-0.49849580	-0.76173876	2.18700000
28	0.07691424	-0.49849580	-0.76173876	1.96830000
29	0.07691424	-0.49849580	-0.76173876	1.96830000
30	0.07691424	-0.49849580	-0.76173876	1.77147000
31	0.07691424	-0.49849580	-0.76173876	1.77147000
32	0.07691424	-0.49849580	-0.76173876	1.59432300
33	0.07691424	-0.49849580	-0.76173876	1.59432300
34	0.07691424	-0.49849580	-0.76173876	1.43489070
35	0.07691424	-0.49849580	-0.76173876	1.43489070
36	0.07691424	-0.49849580	-0.76173876	1.29140163
37	0.07691424	-0.49849580	-0.76173876	1.29140163
38	0.07691424	-0.49849580	-0.76173876	1.16226147
39	0.07691424	-0.49849580	-0.76173876	1.16226147
40	0.07691424	-0.49849580	-0.76173876	1.04603532
41	0.07691424	-0.49849580	-0.76173876	1.04603532
42	0.07691424	-0.49849580	-0.76173876	0.94143179
43	0.07691424	-0.49849580	-0.76173876	0.94143179
44	0.05300109	-0.55539981	-0.87148033	0.84728861
45	0.05300109	-0.55539981	-0.87148033	0.84728861
46	0.05300109	-0.55539981	-0.87148033	0.76255975
47	0.05300109	-0.55539981	-0.87148033	0.76255975
48	0.05300109	-0.55539981	-0.87148033	0.68630377
49	0.05300109	-0.55539981	-0.87148033	0.68630377
50	0.05300109	-0.55539981	-0.87148033	0.61767340
51	-0.07189846	-0.63386817	-0.89522266	0.61767340
52	-0.07189846	-0.63386817	-0.89522266	0.55590606
53	-0.07189846	-0.63386817	-0.89522266	0.55590606
54	-0.07189846	-0.63386817	-0.89522266	0.50031545
55	-0.07189846	-0.63386817	-0.89522266	0.50031545
56	-0.07189846	-0.63386817	-0.89522266	0.45028391
57	-0.07189846	-0.63386817	-0.89522266	0.45028391
58	-0.07189846	-0.63386817	-0.89522266	0.40525552
59	-0.07189846	-0.63386817	-0.89522266	0.40525552
60	-0.07189846	-0.63386817	-0.89522266	0.36472996
61	-0.07189846	-0.63386817	-0.89522266	0.36472996
62	-0.07189846	-0.63386817	-0.89522266	0.32825697
63	0.01584970	-0.65873892	-0.99197880	0.32825697
64	0.01584970	-0.65873892	-0.99197880	0.29543127
65	0.01584970	-0.65873892	-0.99197880	0.29543127
66	0.01584970	-0.65873892	-0.99197880	0.26588814
67	0.01584970	-0.65873892	-0.99197880	0.26588814
68	0.01584970	-0.65873892	-0.99197880	0.23929933
69	0.01584970	-0.65873892	-0.99197880	0.23929933
70	0.01584970	-0.65873892	-0.99197880	0.21536940
71	0.01584970	-0.65873892	-0.99197880	0.21536940
72	0.01584970	-0.65873892	-0.99197880	0.19383246
73	0.01584970	-0.65873892	-0.99197880	0.19383246
74	0.01584970	-0.65873892	-0.99197880	0.17444921
75	0.01584970	-0.65873892	-0.99197880	0.17444921
76	0.01584970	-0.65873892	-0.99197880	0.15700429
77	0.01584970	-0.65873892	-0.99197880	0.15700429
78	0.01584970	-0.65873892	-0.99197880	0.14130386
79	0.01814490	-0.70804963	-1.01152364	0.14130386
80	0.01814490	-0.70804963	-1.01152364	0.12717347
81	0.01814490	-0.70804963	-1.01152364	0.12717347
82	0.01814490	-0.70804963	-1.01152364	0.11445613
83	0.01814490	-0.70804963	-1.01152364	0.11445613
84	0.01814490	-0.70804963	-1.01152364	0.10301051
85	0.01814490	-0.70804963	-1.01152364	0.10301051
86	0.01814490	-0.70804963	-1.01152364	0.09270946
87	0.01814490	-0.70804963	-1.01152364	0.09270946
88	0.01814490	-0.70804963	-1.01152364	0.08343852
89	0.01814490	-0.70804963	-1.01152364	0.08343852
90	0.01814490	-0.70804963	-1.01152364	0.07509467
91	0.01814490	-0.70804963	-1.01152364	0.07509467
92	0.01814490	-0.70804963	-1.01152364	0.06758520
93	0.09143077	-0.72879416	-1.02946340	0.06758520
94	0.09143077	-0.72879416	-1.02946340	0.06082668
95	0.09143077	-0.72879416	-1.02946340	0.06082668
96	0.09143077	-0.72879416	-1.02946340	0.05474401
97	0.09143077	-0.72879416	-1.02946340	0.05474401
98	0.09143077	-0.72879416	-1.02946340	0.04926961
99	0.09143077	-0.72879416	-1.02946340	0.04926961
100	0.09143077	-0.72879416	-1.02946340	0.04434265
101	0.09143077	-0.72879416	-1.02946340	0.04434265
102	0.09143077	-0.72879416	-1.02946340	0.03990838
103	0.09143077	-0.72879416	-1.02946340	0.03990838
104	0.09143077	-0.72879416	-1.02946340	0.03591755
105	0.08192507	-0.72381019	-1.03026076	0.03591755
106	0.08192507	-0.72381019	-1.03026076	0.03232579
107	0.08192507	-0.72381019	-1.03026076	0.03232579
108	0.09261466	-0.71044695	-1.03155252	0.02909321
109	0.09261466	-0.71044695	-1.03155252	0.02909321
110	0.09261466	-0.71044695	-1.03155252	0.02618389
111	0.09261466	-0.71044695	-1.03155252	0.02618389
112	0.09261466	-0.71044695	-1.03155252	0.02356550
113	0.09261466	-0.71044695	-1.03155252	0.02356550
114	0.09261466	-0.71044695	-1.03155252	0.02120895
115	0.09261466	-0.71044695	-1.03155252	0.02120895
116	0.09261466	-0.71044695	-1.03155252	0.01908806
117	0.09261466	-0.71044695	-1.03155252	0.01908806
118	0.09261466	-0.71044695	-1.03155252	0.01717925
119	0.09261466	-0.71044695	-1.03155252	0.01717925
120	0.09261466	-0.71044695	-1.03155252	0.01546133
121	0.09261466	-0.71044695	-1.03155252	0.01546133
122	0.09261466	-0.71044695	-1.03155252	0.01391519
123	0.09261466	-0.71044695	-1.03155252	0.01391519
124	0.09261466	-0.71044695	-1.03155252	0.01252367
125	0.09261466	-0.71044695	-1.03155252	0.01252367
126	0.09261466	-0.71044695	-1.03155252	0.01127131
127	0.09261466	-0.71044695	-1.03155252	0.01127131
128	0.09261466	-0.71044695	-1.03155252	0.01014418
129	0.09261466	-0.71044695	-1.03155252	0.01014418
130	0.09261466	-0.71044695	-1.03155252	0.00912976
131	0.09261466	-0.71044695	-1.03155252	0.00912976
132	0.09261466	-0.71044695	-1.03155252	0.00821678
133	0.09261466	-0.71044695	-1.03155252	0.00821678
134	0.09261466	-0.71044695	-1.03155252	0.00739510
135	0.09261466	-0.71044695	-1.03155252	0.00739510
136	0.09261466	-0.71044695	-1.03155252	0.00665559
137	0.09261466	-0.71044695	-1.03155252	0.00665559
138	0.09261466	-0.71044695	-1.03155252	0.00599003
139	0.09261466	-0.71044695	-1.03155252	0.00599003
140	0.08797780	-0.71126453	-1.03160166	0.00539103
141	0.09202246	-0.71256577	-1.03160966	0.00539103
142	0.09202246	-0.71256577	-1.03160966	0.00485193
143	0.09202246	-0.71256577	-1.03160966	0.00485193
144	0.09202246	-0.71256577	-1.03160966	0.00436674
145	0.09202246	-0.71256577	-1.03160966	0.00436674
146	0.08912644	-0.71309505	-1.03162457	0.00393006
147	0.08912644	-0.71309505	-1.03162457	0.00393006
148	0.08912644	-0.71309505	-1.03162457	0.00353706
149	0.08912644	-0.71309505	-1.03162457	0.00353706
150	0.08912644	-0.71309505	-1.03162457	0.00318335
151	0.08912644	-0.71309505	-1.03162457	0.00318335
152	0.08912644	-0.71309505	-1.03162457	0.00286501
153	0.08912644	-0.71309505	-1.03162457	0.00286501
154	0.08912644	-0.71309505	-1.03162457	0.00257851
155	0.08912644	-0.71309505	-1.03162457	0.00257851
156	0.08912644	-0.71309505	-1.03162457	0.00232066
157	0.08912644	-0.71309505	-1.03162457	0.00232066
158	0.08912644	-0.71309505	-1.03162457	0.00208860
159	0.08912644	-0.71309505	-1.03162457	0.00208860
160	0.08912644	-0.71309505	-1.03162457	0.00187974
161	0.08912644	-0.71309505	-1.03162457	0.00187974
162	0.08912644	-0.71309505	-1.03162457	0.00169176
163	0.08912644	-0.71309505	-1.03162457	0.00169176
164	0.08912644	-0.71309505	-1.03162457	0.00152259
165	0.08912644	-0.71309505	-1.03162457	0.00152259
166	0.08912644	-0.71309505	-1.03162457	0.00137033
167	0.08912644	-0.71309505	-1.03162457	0.00137033
168	0.08912644	-0.71309505	-1.03162457	0.00123329
169	0.08912644	-0.71309505	-1.03162457	0.00123329
170	0.09026785	-0.71271081	-1.03162775	0.00110997
171	0.09026785	-0.71271081	-1.03162775	0.00110997
172	0.09026785	-0.71271081	-1.03162775	0.00099897
173	0.09026785	-0.71271081	-1.03162775	0.00099897
174	0.09026785	-0.71271081	-1.03162775	0.00089907
175	0.09026785	-0.71271081	-1.03162775	0.00089907
176	0.09026785	-0.71271081	-1.03162775	0.00080916
177	0.09026785	-0.71271081	-1.03162775	0.00080916
178	0.09026785	-0.71271081	-1.03162775	0.00072825
179	0.09026785	-0.71271081	-1.03162775	0.00072825
180	0.09026785	-0.71271081	-1.03162775	0.00065542
181	0.08981126	-0.71282446	-1.03162821	0.00065542
182	0.08981126	-0.71282446	-1.03162821	0.00058988
183	0.08981126	-0.71282446	-1.03162821	0.00058988
184	0.08981126	-0.71282446	-1.03162821	0.00053089
185	0.08981126	-0.71282446	-1.03162821	0.00053089
186	0.08981126	-0.71282446	-1.03162821	0.00047780
187	0.08981126	-0.71282446	-1.03162821	0.00047780
188	0.08981126	-0.71282446	-1.03162821	0.00043002
189	0.08981126	-0.71282446	-1.03162821	0.00043002
190	0.08976898	-0.71254417	-1.03162834	0.00038702
191	0.08976898	-0.71254417	-1.03162834	0.00038702
192	0.08976898	-0.71254417	-1.03162834	0.00034832
193	0.08976898	-0.71254417	-1.03162834	0.00034832
194	0.08976898	-0.71254417	-1.03162834	0.00031349
195	0.08976898	-0.71254417	-1.03162834	0.00031349
196	0.08976898	-0.71254417	-1.03162834	0.00028214
197	0.08976898	-0.71254417	-1.03162834	0.00028214
198	0.08976898	-0.71254417	-1.03162834	0.00025392
199	0.08976898	-0.71254417	-1.03162834	0.00025392
200	0.08972752	-0.71260338	-1.03162839	0.00022853

--- ESTADISTICAS DE ESTA CORRIDA ---
Mejor f(x) (padre) encontrado en la corrida: -1.03162839
Peor f(x) (evaluado) encontrado en la corrida: 162.90000000
Fitness final del padre: -1.03162839
Solucion final: x1=0.08972752, x2=-0.71260338
Media de f(x) del padre a lo largo de las generaciones: -0.84000159
Varianza de f(x) del padre a lo largo de las generaciones: 0.25136893
Desviacion Estandar de f(x) del padre a lo largo de las generaciones: 0.50136706
-----------------------------------
